qw: 0.9971147942707222
qx: 0.0
qy: 0.0
qz: -0.07590841222456962
x: 0.07614615908214876
y: 0.017849009092457818
